[sources]
python_data = 1658131932.539589
pandas_data = 1658131932.5946252
etymological_references = 1658131932.5596523

